# DNS of a turbulent zero-pressure gradient boundary layer
# Reference: Schlatter et al., Phys. Fluids 21, 051702 (2009)
#  
# Integral quantities:
# Re_{\theta}   =       1000.490
# Re_{\delta^*} =       1467.762
# Re_{\tau}     =       365.4094
# H_{12}        =       1.467043
# c_f           =    0.004258940
# 
# Wall-normal profiles:
# y/\delta_{99}       y+          U+          urms+       vrms+       wrms+       uv+         prms+       pu+         pv+
    0.0000000      0.0000000   0.0000000   0.0000000   0.0000000   0.0000000   0.0000000   2.3880941   0.0000000   0.0000000
    0.0001558      0.0569300   0.0569300   0.0232607   0.0000434   0.0157606  -0.0000002   2.3875043   0.0072287  -0.0000403
    0.0006232      0.2277138   0.2277129   0.0928263   0.0006763   0.0616996  -0.0000137   2.3858957   0.0288040  -0.0006151
    0.0014021      0.5123327   0.5123111   0.2081498   0.0032786   0.1339417  -0.0001602   2.3837453   0.0635452  -0.0028761
    0.0024924      0.9107555   0.9105424   0.3685701   0.0097577   0.2267457  -0.0009259   2.3818383   0.1083506  -0.0081448
    0.0038941      1.4229384   1.4216541   0.5730418   0.0220787   0.3332307  -0.0036150   2.3812484   0.1573218  -0.0173200
    0.0056069      2.0488253   2.0432461   0.8187936   0.0418048   0.4462380  -0.0108793   2.3832900   0.2025792  -0.0305024
    0.0076308      2.7883476   2.7692743   1.0987376   0.0697808   0.5591733  -0.0269114   2.3893929   0.2363572  -0.0469827
    0.0099653      3.6414242   3.5874128   1.3990641   0.1060285   0.6668178  -0.0566820   2.4008948   0.2537821  -0.0655235
    0.0126104      4.6079615   4.4770200   1.6996679   0.1498582   0.7659190  -0.1040633   2.4187715   0.2551956  -0.0847225
    0.0155657      5.6878535   5.4094181   1.9784024   0.2001148   0.8552713  -0.1697629   2.4434053   0.2466634  -0.1032648
    0.0188309      6.8809818   6.3512581   2.2168276   0.2554441   0.9351960  -0.2504837   2.4744514   0.2379268  -0.1199965
    0.0224056      8.1872156   7.2698935   2.4041297   0.3144736   1.0066860  -0.3398846   2.5108532   0.2386602  -0.1339322
    0.0262895      9.6064116   8.1385240   2.5377751   0.3758875   1.0706576  -0.4306677   2.5509713   0.2551105  -0.1442995
    0.0304820     11.1384142   8.9392159   2.6216206   0.4384303   1.1275954  -0.5165846   2.5927971   0.2885924  -0.1506827
    0.0349828     12.7830553   9.6632392   2.6630901   0.5009007   1.1776159  -0.5935386   2.6342045   0.3361499  -0.1531348
    0.0397914     14.5401548  10.3094087   2.6707496   0.5621651   1.2207488  -0.6596837   2.6731400   0.3924696  -0.1521923
    0.0449072     16.4095197  10.8816063   2.6528189   0.6212061   1.2571780  -0.7149066   2.7078099   0.4520646  -0.1487206
    0.0503297     18.3909453  11.3864853   2.6164414   0.6771870   1.2872962  -0.7601104   2.7368350   0.5105024  -0.1437334
    0.0560583     20.4842141  11.8318292   2.5674742   0.7294995   1.3116615  -0.7966155   2.7594395   0.5646024  -0.1382147
    0.0620923     22.6890966  12.2255481   2.5105426   0.7777656   1.3309292  -0.8257866   2.7753460   0.6123241  -0.1330167
    0.0684311     25.0053510  12.5751236   2.4492179   0.8218032   1.3458041  -0.8488591   2.7846565   0.6524632  -0.1287117
    0.0750739     27.4327234  12.8873430   2.3862140   0.8615787   1.3569846  -0.8669010   2.7876424   0.6845557  -0.1256032
    0.0820202     29.9709475  13.1681498   2.3235716   0.8971596   1.3651602  -0.8808095   2.7847945   0.7087961  -0.1237022
    0.0892690     32.6197450  13.4226779   2.2628031   0.9286752   1.3709704  -0.8913196   2.7766903   0.7257812  -0.1229705
    0.0968197     35.3788254  13.6553369   2.2049980   0.9563135   1.3748399  -0.8990971   2.7639626   0.7358459  -0.1233110
    0.1046713     38.2478862  13.8699327   2.1507668   0.9803193   1.3770114  -0.9046797   2.7473154   0.7393072  -0.1246382
    0.1128231     41.2266127  14.0697479   2.1003356   1.0009678   1.3777158  -0.9083819   2.7275097   0.7366871  -0.1267175
    0.1212741     44.3146782  14.2575375   2.0538066   1.0185171   1.3772471  -0.9104389   2.7052516   0.7288877  -0.1292569
    0.1300233     47.5117443  14.4354314   2.0112363   1.0332242   1.3758015  -0.9111649   2.6810216   0.7169241  -0.1319038
    0.1390699     50.8174601  14.6051421   1.9724742   1.0453470   1.3735162  -0.9108178   2.6553560   0.7018383  -0.1345106
    0.1484129     54.2314633  14.7682121   1.9371513   1.0551260   1.3705598  -0.9095497   2.6286239   0.6841039  -0.1369452
    0.1580512     57.7533795  14.9259884   1.9048714   1.0627969   1.3670744  -0.9074812   2.6012579   0.6645660  -0.1391825
    0.1679837     61.3828224  15.0794744   1.8752153   1.0686023   1.3630579  -0.9046840   2.5737445   0.6439023  -0.1410633
    0.1782094     65.1193940  15.2294755   1.8478991   1.0727823   1.3584168  -0.9011998   2.5464637   0.6228714  -0.1425345
    0.1887272     68.9626846  15.3767546   1.8226458   1.0755590   1.3531754  -0.8970473   2.5195814   0.6022166  -0.1435479
    0.1995359     72.9122726  15.5219699   1.7992225   1.0770934   1.3474188  -0.8922267   2.4931357   0.5822164  -0.1442655
    0.2106342     76.9677251  15.6655300   1.7773102   1.0775163   1.3410964  -0.8867663   2.4671267   0.5631861  -0.1446671
    0.2220211     81.1285973  15.8077693   1.7567052   1.0769536   1.3342900  -0.8807405   2.4415456   0.5453990  -0.1448963
    0.2336953     85.3944328  15.9489070   1.7373126   1.0754575   1.3271386  -0.8742189   2.4164520   0.5293409  -0.1449771
    0.2456553     89.7647639  16.0891692   1.7190683   1.0730542   1.3196910  -0.8671770   2.3918812   0.5153042  -0.1449262
    0.2579001     94.2391113  16.2287838   1.7016902   1.0698204   1.3120655  -0.8596085   2.3678968   0.5035105  -0.1447808
    0.2704282     98.8169844  16.3679856   1.6850041   1.0658588   1.3042952  -0.8514936   2.3443860   0.4933353  -0.1444674
    0.2832382    103.4978811  16.5069623   1.6688085   1.0612662   1.2963467  -0.8429006   2.3212947   0.4847066  -0.1439885
    0.2963287    108.2812882  16.6459417   1.6527933   1.0561098   1.2881110  -0.8337532   2.2986131   0.4773067  -0.1433691
    0.3096984    113.1666811  16.7851900   1.6368597   1.0503934   1.2794239  -0.8239625   2.2761768   0.4711543  -0.1428160
    0.3233456    118.1535240  16.9248915   1.6211313   1.0440984   1.2702633  -0.8135054   2.2536983   0.4662019  -0.1423247
    0.3372691    123.2412700  17.0650348   1.6054640   1.0372368   1.2605432  -0.8025140   2.2312183   0.4630243  -0.1419076
    0.3514671    128.4293614  17.2056480   1.5895820   1.0298481   1.2503451  -0.7908881   2.2088992   0.4612281  -0.1414806
    0.3659382    133.7172290  17.3467039   1.5734377   1.0219190   1.2397064  -0.7784994   2.1864562   0.4604098  -0.1410762
    0.3806807    139.1042931  17.4882019   1.5568416   1.0134520   1.2285137  -0.7652708   2.1637868   0.4602946  -0.1406831
    0.3956931    144.5899628  17.6300440   1.5397462   1.0044217   1.2166467  -0.7512622   2.1408510   0.4609414  -0.1403824
    0.4109737    150.1736367  17.7721055   1.5222274   0.9947737   1.2038812  -0.7364935   2.1175057   0.4623077  -0.1400158
    0.4265208    155.8547024  17.9143954   1.5042191   0.9845442   1.1899258  -0.7209806   2.0938150   0.4644765  -0.1395332
    0.4423328    161.6325369  18.0569588   1.4855689   0.9737473   1.1749972  -0.7046695   2.0694156   0.4671234  -0.1387369
    0.4584078    167.5065067  18.1998668   1.4661737   0.9623644   1.1593622  -0.6875689   2.0443489   0.4701634  -0.1377568
    0.4747442    173.4759675  18.3430205   1.4460535   0.9503471   1.1428967  -0.6697313   2.0185157   0.4732444  -0.1366955
    0.4913401    179.5402647  18.4862946   1.4251396   0.9376639   1.1253547  -0.6511266   1.9918321   0.4761817  -0.1354761
    0.5081937    185.6987334  18.6295490   1.4034348   0.9243080   1.1065278  -0.6317222   1.9641915   0.4787167  -0.1339297
    0.5253032    191.9506982  18.7726455   1.3808405   0.9102855   1.0864004  -0.6114545   1.9356584   0.4807162  -0.1320486
    0.5426666    198.2954734  18.9154230   1.3574269   0.8955762   1.0650678  -0.5904189   1.9059756   0.4815859  -0.1297753
    0.5602822    204.7323634  19.0577217   1.3333158   0.8801329   1.0424631  -0.5686823   1.8747152   0.4810530  -0.1270913
    0.5781479    211.2606622  19.1995185   1.3082237   0.8639520   1.0185310  -0.5461115   1.8417755   0.4788567  -0.1239685
    0.5962618    217.8796539  19.3407901   1.2819229   0.8470385   0.9932001  -0.5226031   1.8070871   0.4753022  -0.1203755
    0.6146219    224.5886127  19.4814462   1.2542307   0.8294326   0.9665367  -0.4982147   1.7711046   0.4700723  -0.1163906
    0.6332263    231.3868029  19.6212465   1.2250462   0.8111581   0.9385874  -0.4730762   1.7337344   0.4623582  -0.1118529
    0.6520727    238.2734790  19.7597878   1.1942958   0.7921777   0.9092338  -0.4473693   1.6948210   0.4519513  -0.1068512
    0.6711593    245.2478857  19.8967524   1.1618476   0.7724920   0.8784069  -0.4212366   1.6539618   0.4390195  -0.1013160
    0.6904838    252.3092582  20.0317953   1.1277020   0.7521148   0.8461868  -0.3947457   1.6112820   0.4236862  -0.0955244
    0.7100443    259.4568223  20.1646087   1.0915873   0.7310251   0.8127277  -0.3678182   1.5664838   0.4052201  -0.0893679
    0.7298384    266.6897940  20.2947824   1.0531823   0.7092003   0.7782633  -0.3405230   1.5194577   0.3835554  -0.0829133
    0.7498641    274.0073803  20.4218273   1.0122660   0.6866404   0.7428902  -0.3130102   1.4702027   0.3586326  -0.0760741
    0.7701192    281.4087786  20.5449710   0.9690121   0.6633890   0.7065409  -0.2854881   1.4189527   0.3309543  -0.0690458
    0.7906015    288.8931773  20.6634822   0.9233290   0.6395596   0.6694270  -0.2582352   1.3661226   0.3007908  -0.0618292
    0.8113086    296.4597556  20.7767163   0.8751910   0.6152505   0.6317237  -0.2315353   1.3119815   0.2683887  -0.0546392
    0.8322383    304.1076838  20.8840386   0.8245937   0.5905089   0.5937698  -0.2056416   1.2565135   0.2340625  -0.0475543
    0.8533884    311.8361233  20.9847715   0.7720392   0.5653179   0.5557158  -0.1807715   1.1996535   0.1987301  -0.0406414
    0.8747565    319.6442264  21.0782471   0.7180226   0.5396262   0.5178673  -0.1571510   1.1414474   0.1633779  -0.0338729
    0.8963403    327.5311370  21.1638957   0.6631633   0.5134282   0.4805412  -0.1349745   1.0823220   0.1289036  -0.0273994
    0.9181374    335.4959901  21.2413761   0.6079454   0.4868261   0.4437848  -0.1143988   1.0226235   0.0960497  -0.0213778
    0.9401453    343.5379124  21.3105018   0.5530652   0.4599538   0.4078679  -0.0955582   0.9626929   0.0654897  -0.0159203
    0.9623618    351.6560219  21.3712172   0.4993772   0.4329274   0.3731324  -0.0785673   0.9028526   0.0379761  -0.0110371
    0.9847844    359.8494284  21.4236435   0.4477728   0.4058704   0.3397015  -0.0635605   0.8437455   0.0141700  -0.0067494
    1.0074105    368.1172334  21.4681499   0.3989805   0.3789805   0.3075520  -0.0505253   0.7859558  -0.0056812  -0.0031014
    1.0302378    376.4585303  21.5052378   0.3538358   0.3524168   0.2768240  -0.0393949   0.7297857  -0.0215566  -0.0000899
    1.0532637    384.8724043  21.5354487   0.3129697   0.3263407   0.2477446  -0.0300838   0.6755468  -0.0332754   0.0023208
    1.0764856    393.3579327  21.5594924   0.2766650   0.3009506   0.2206644  -0.0224831   0.6237153  -0.0410032   0.0041734
    1.0999012    401.9141850  21.5781749   0.2449009   0.2764876   0.1959514  -0.0164670   0.5750001  -0.0451857   0.0055052
    1.1235077    410.5402230  21.5923978   0.2175727   0.2532184   0.1736402  -0.0118384   0.5300588  -0.0464810   0.0063874
    1.1473026    419.2351006  21.6029972   0.1941425   0.2313891   0.1536663  -0.0083581   0.4893176  -0.0456312   0.0068577
    1.1712832    427.9978645  21.6107585   0.1740207   0.2111577   0.1359246  -0.0058001   0.4528666  -0.0433912   0.0070248
    1.1954471    436.8275535  21.6163740   0.1568709   0.1925966   0.1203018  -0.0039339   0.4204907  -0.0403253   0.0069516
    1.2197914    445.7231996  21.6203887   0.1422771   0.1756966   0.1067743  -0.0026011   0.3918319  -0.0368416   0.0067176
    1.2443136    454.6838271  21.6232187   0.1298281   0.1604040   0.0951006  -0.0016911   0.3665247  -0.0332331   0.0063604
    1.2690109    463.7084535  21.6252086   0.1191138   0.1466598   0.0851019  -0.0010986   0.3442806  -0.0297118   0.0059407
    1.2938806    472.7960891  21.6266215   0.1097107   0.1343963   0.0765769  -0.0007240   0.3248145  -0.0264033   0.0054844
    1.3189201    481.9457372  21.6276540   0.1013581   0.1235112   0.0692363  -0.0004840   0.3077436  -0.0233998   0.0050295
    1.3441265    491.1563947  21.6284439   0.0939076   0.1138394   0.0629442  -0.0003310   0.2926389  -0.0207350   0.0045917
    1.3694971    500.4270513  21.6290883   0.0872628   0.1052171   0.0574957  -0.0002288   0.2791792  -0.0183998   0.0041881
    1.3950291    509.7566906  21.6296466   0.0813363   0.0975222   0.0527254  -0.0001592   0.2671259  -0.0163585   0.0038112
    1.4207197    519.1442893  21.6301498   0.0760053   0.0906485   0.0485563  -0.0001140   0.2563216  -0.0145782   0.0034653
    1.4465662    528.5888180  21.6306176   0.0711642   0.0844979   0.0448961  -0.0000860   0.2465576  -0.0130253   0.0031444
    1.4725656    538.0892411  21.6310663   0.0667673   0.0789806   0.0416633  -0.0000674   0.2377048  -0.0116744   0.0028542
    1.4987151    547.6445166  21.6315046   0.0627660   0.0740129   0.0387964  -0.0000541   0.2296180  -0.0104933   0.0025875
    1.5250118    557.2535968  21.6319369   0.0591039   0.0695196   0.0362319  -0.0000444   0.2222303  -0.0094585   0.0023502
    1.5514529    566.9154279  21.6323644   0.0557522   0.0654374   0.0339226  -0.0000376   0.2154341  -0.0085477   0.0021345
    1.5780355    576.6289504  21.6327891   0.0526760   0.0617126   0.0318249  -0.0000328   0.2091872  -0.0077453   0.0019436
    1.6047566    586.3930990  21.6332114   0.0498435   0.0583005   0.0299137  -0.0000293   0.2034066  -0.0070341   0.0017701
    1.6316134    596.2068031  21.6336326   0.0472285   0.0551625   0.0281578  -0.0000264   0.1980704  -0.0064031   0.0016169
    1.6586028    606.0689865  21.6340524   0.0448091   0.0522655   0.0265447  -0.0000240   0.1931120  -0.0058401   0.0014777
    1.6857219    615.9785676  21.6344711   0.0425634   0.0495818   0.0250517  -0.0000217   0.1885223  -0.0053375   0.0013548
    1.7129678    625.9344597  21.6348884   0.0404762   0.0470889   0.0236738  -0.0000199   0.1842454  -0.0048865   0.0012427
    1.7403374    635.9355711  21.6353045   0.0385301   0.0447682   0.0223949  -0.0000183   0.1802796  -0.0044818   0.0011434
    1.7678277    645.9808051  21.6357190   0.0367153   0.0426048   0.0212100  -0.0000169   0.1765765  -0.0041171   0.0010522
    1.7954358    656.0690600  21.6361322   0.0350167   0.0405863   0.0201007  -0.0000155   0.1731390  -0.0037886   0.0009710
    1.8231586    666.1992296  21.6365437   0.0334278   0.0387013   0.0190670  -0.0000143   0.1699236  -0.0034914   0.0008961
    1.8509931    676.3702030  21.6369535   0.0319371   0.0369379   0.0180987  -0.0000131   0.1669351  -0.0032225   0.0008293
    1.8789362    686.5808648  21.6373614   0.0305403   0.0352861   0.0171964  -0.0000121   0.1641344  -0.0029782   0.0007675
    1.9069848    696.8300954  21.6377674   0.0292262   0.0337366   0.0163484  -0.0000112   0.1615286  -0.0027566   0.0007123
    1.9351359    707.1167707  21.6381714   0.0279922   0.0322815   0.0155560  -0.0000104   0.1590825  -0.0025546   0.0006609
    1.9633864    717.4397627  21.6385732   0.0268284   0.0309135   0.0148092  -0.0000096   0.1568044  -0.0023707   0.0006150
    1.9917331    727.7979394  21.6389729   0.0257337   0.0296263   0.0141100  -0.0000090   0.1546623  -0.0022025   0.0005722
    2.0201731    738.1901649  21.6393703   0.0246989   0.0284138   0.0134494  -0.0000083   0.1526656  -0.0020490   0.0005338
    2.0487031    748.6152996  21.6397654   0.0237241   0.0272708   0.0128300  -0.0000078   0.1507849  -0.0019083   0.0004979
    2.0773201    759.0722003  21.6401580   0.0228007   0.0261925   0.0122435  -0.0000073   0.1490304  -0.0017794   0.0004656
    2.1060208    769.5597201  21.6405483   0.0219296   0.0251744   0.0116930  -0.0000069   0.1473751  -0.0016609   0.0004354
    2.1348022    780.0767091  21.6409359   0.0211028   0.0242123   0.0111707  -0.0000064   0.1458296  -0.0015521   0.0004081
    2.1636611    790.6220139  21.6413211   0.0203219   0.0233027   0.0106800  -0.0000061   0.1443690  -0.0014519   0.0003824
    2.1925943    801.1944782  21.6417034   0.0195793   0.0224419   0.0102135  -0.0000057   0.1430041  -0.0013596   0.0003593
    2.2215986    811.7929425  21.6420832   0.0188771   0.0216269   0.0097750  -0.0000054   0.1417120  -0.0012744   0.0003375
    2.2506710    822.4162446  21.6424601   0.0182081   0.0208548   0.0093574  -0.0000051   0.1405036  -0.0011957   0.0003178
    2.2798081    833.0632196  21.6428344   0.0175749   0.0201228   0.0089646  -0.0000048   0.1393577  -0.0011229   0.0002991
    2.3090068    843.7326998  21.6432057   0.0169705   0.0194285   0.0085900  -0.0000046   0.1382851  -0.0010556   0.0002822
    2.3382639    854.4235152  21.6435743   0.0163979   0.0187695   0.0082375  -0.0000044   0.1372663  -0.0009931   0.0002662
    2.3675762    865.1344936  21.6439398   0.0158503   0.0181437   0.0079009  -0.0000041   0.1363120  -0.0009352   0.0002517
    2.3969404    875.8644602  21.6443026   0.0153311   0.0175491   0.0075841  -0.0000040   0.1354039  -0.0008813   0.0002378
    2.4263534    886.6122385  21.6446621   0.0148337   0.0169838   0.0072812  -0.0000038   0.1345526  -0.0008312   0.0002253
    2.4558119    897.3766498  21.6450190   0.0143617   0.0164462   0.0069960  -0.0000036   0.1337412  -0.0007846   0.0002133
    2.4853127    908.1565136  21.6453725   0.0139088   0.0159346   0.0067230  -0.0000035   0.1329801  -0.0007412   0.0002025
    2.5148525    918.9506479  21.6457234   0.0134786   0.0154474   0.0064661  -0.0000033   0.1322533  -0.0007007   0.0001921
    2.5444282    929.7578690  21.6460708   0.0130650   0.0149835   0.0062198  -0.0000032   0.1315710  -0.0006629   0.0001826
    2.5740364    940.5769917  21.6464155   0.0126719   0.0145413   0.0059881  -0.0000031   0.1309185  -0.0006276   0.0001735
    2.6036739    951.4068295  21.6467568   0.0122934   0.0141198   0.0057657  -0.0000030   0.1303055  -0.0005946   0.0001653
    2.6333376    962.2461950  21.6470954   0.0119334   0.0137177   0.0055566  -0.0000029   0.1297183  -0.0005636   0.0001573
    2.6630240    973.0938993  21.6474304   0.0115861   0.0133341   0.0053557  -0.0000028   0.1291663  -0.0005347   0.0001501
    2.6927300    983.9487529  21.6477628   0.0112556   0.0129679   0.0051668  -0.0000027   0.1286367  -0.0005075   0.0001431
    2.7224523    994.8095656  21.6480916   0.0109362   0.0126182   0.0049851  -0.0000026   0.1281385  -0.0004820   0.0001367
    2.7521877   1005.6751461  21.6484177   0.0106320   0.0122840   0.0048145  -0.0000025   0.1276599  -0.0004580   0.0001306
    2.7819328   1016.5443032  21.6487403   0.0103376   0.0119647   0.0046502  -0.0000024   0.1272093  -0.0004355   0.0001249
    2.8116845   1027.4158447  21.6490602   0.0100571   0.0116593   0.0044960  -0.0000024   0.1267757  -0.0004143   0.0001195
    2.8414395   1038.2885785  21.6493765   0.0097851   0.0113673   0.0043473  -0.0000023   0.1263674  -0.0003944   0.0001145
    2.8711944   1049.1613124  21.6496902   0.0095257   0.0110878   0.0042079  -0.0000022   0.1259739  -0.0003756   0.0001097
    2.9009461   1060.0328539  21.6500003   0.0092738   0.0108204   0.0040734  -0.0000022   0.1256031  -0.0003579   0.0001052
    2.9306912   1070.9020109  21.6503078   0.0090335   0.0105643   0.0039472  -0.0000021   0.1252454  -0.0003412   0.0001009
    2.9604266   1081.7675915  21.6506117   0.0087997   0.0103190   0.0038255  -0.0000021   0.1249080  -0.0003254   0.0000969
    2.9901489   1092.6284042  21.6509130   0.0085765   0.0100840   0.0037113  -0.0000020   0.1245822  -0.0003105   0.0000931
    3.0198549   1103.4832578  21.6512107   0.0083591   0.0098588   0.0036011  -0.0000020   0.1242747  -0.0002963   0.0000895
    3.0495414   1114.3309621  21.6515059   0.0081515   0.0096428   0.0034977  -0.0000019   0.1239775  -0.0002830   0.0000860
    3.0792050   1125.1703276  21.6517976   0.0079488   0.0094358   0.0033978  -0.0000019   0.1236968  -0.0002703   0.0000828
    3.1088425   1136.0001654  21.6520867   0.0077551   0.0092371   0.0033042  -0.0000018   0.1234252  -0.0002584   0.0000797
    3.1384508   1146.8192881  21.6523723   0.0075659   0.0090465   0.0032136  -0.0000018   0.1231686  -0.0002470   0.0000768
    3.1680264   1157.6265091  21.6526554   0.0073849   0.0088636   0.0031287  -0.0000018   0.1229201  -0.0002363   0.0000740
    3.1975662   1168.4206435  21.6529350   0.0072078   0.0086880   0.0030465  -0.0000017   0.1226851  -0.0002261   0.0000714
    3.2270670   1179.2005073  21.6532122   0.0070383   0.0085193   0.0029695  -0.0000017   0.1224574  -0.0002164   0.0000689
    3.2565255   1189.9649186  21.6534859   0.0068722   0.0083574   0.0028947  -0.0000017   0.1222420  -0.0002071   0.0000665
    3.2859385   1200.7126969  21.6537572   0.0067132   0.0082017   0.0028247  -0.0000016   0.1220330  -0.0001984   0.0000642
    3.3153028   1211.4426635  21.6540250   0.0065571   0.0080522   0.0027566  -0.0000016   0.1218353  -0.0001901   0.0000620
    3.3446150   1222.1536418  21.6542906   0.0064076   0.0079085   0.0026928  -0.0000016   0.1216434  -0.0001822   0.0000599
    3.3738721   1232.8444573  21.6545527   0.0062607   0.0077704   0.0026307  -0.0000016   0.1214616  -0.0001746   0.0000580
    3.4030708   1243.5139375  21.6548125   0.0061199   0.0076375   0.0025724  -0.0000015   0.1212852  -0.0001674   0.0000561
    3.4322079   1254.1609125  21.6550689   0.0059813   0.0075098   0.0025157  -0.0000015   0.1211179  -0.0001605   0.0000543
    3.4612803   1264.7842146  21.6553231   0.0058484   0.0073869   0.0024623  -0.0000015   0.1209555  -0.0001540   0.0000525
    3.4902846   1275.3826789  21.6555740   0.0057175   0.0072688   0.0024102  -0.0000014   0.1208014  -0.0001478   0.0000509
    3.5192178   1285.9551431  21.6558226   0.0055918   0.0071551   0.0023611  -0.0000014   0.1206519  -0.0001419   0.0000492
    3.5480767   1296.5004480  21.6560680   0.0054679   0.0070457   0.0023131  -0.0000014   0.1205098  -0.0001361   0.0000477
    3.5768581   1307.0174370  21.6563112   0.0053489   0.0069404   0.0022678  -0.0000014   0.1203719  -0.0001307   0.0000462
    3.6055588   1317.5049568  21.6565512   0.0052314   0.0068390   0.0022235  -0.0000014   0.1202408  -0.0001255   0.0000448
    3.6341758   1327.9618575  21.6567890   0.0051184   0.0067415   0.0021814  -0.0000013   0.1201137  -0.0001206   0.0000435
    3.6627058   1338.3869921  21.6570237   0.0050068   0.0066476   0.0021403  -0.0000013   0.1199926  -0.0001158   0.0000422
    3.6911458   1348.7792177  21.6572563   0.0048995   0.0065572   0.0021011  -0.0000013   0.1198752  -0.0001113   0.0000409
    3.7194925   1359.1373944  21.6574857   0.0047933   0.0064702   0.0020627  -0.0000013   0.1197632  -0.0001070   0.0000397
    3.7477430   1369.4603864  21.6577131   0.0046911   0.0063863   0.0020259  -0.0000012   0.1196548  -0.0001028   0.0000386
    3.7758941   1379.7470617  21.6579375   0.0045899   0.0063056   0.0019899  -0.0000012   0.1195513  -0.0000988   0.0000374
    3.8039427   1389.9962923  21.6581598   0.0044925   0.0062279   0.0019553  -0.0000012   0.1194510  -0.0000950   0.0000364
    3.8318858   1400.2069541  21.6583791   0.0043959   0.0061531   0.0019213  -0.0000012   0.1193552  -0.0000913   0.0000353
    3.8597203   1410.3779275  21.6585965   0.0043029   0.0060810   0.0018886  -0.0000012   0.1192625  -0.0000879   0.0000343
    3.8874431   1420.5080971  21.6588108   0.0042106   0.0060115   0.0018563  -0.0000011   0.1191738  -0.0000845   0.0000333
    3.9150512   1430.5963520  21.6590233   0.0041216   0.0059446   0.0018251  -0.0000011   0.1190881  -0.0000813   0.0000324
    3.9425415   1440.6415860  21.6592328   0.0040332   0.0058802   0.0017944  -0.0000011   0.1190058  -0.0000781   0.0000315
    3.9699111   1450.6426974  21.6594405   0.0039480   0.0058182   0.0017645  -0.0000011   0.1189264  -0.0000752   0.0000306
    3.9971570   1460.5985895  21.6596453   0.0038633   0.0057584   0.0017350  -0.0000011   0.1188502  -0.0000723   0.0000298
    4.0242761   1470.5081706  21.6598482   0.0037815   0.0057008   0.0017062  -0.0000011   0.1187767  -0.0000696   0.0000290
    4.0512655   1480.3703540  21.6600483   0.0037003   0.0056454   0.0016778  -0.0000010   0.1187059  -0.0000669   0.0000282
    4.0781223   1490.1840580  21.6602466   0.0036218   0.0055920   0.0016500  -0.0000010   0.1186378  -0.0000644   0.0000274
    4.1048434   1499.9482067  21.6604421   0.0035437   0.0055405   0.0016225  -0.0000010   0.1185721  -0.0000619   0.0000267
    4.1314260   1509.6617292  21.6606359   0.0034682   0.0054909   0.0015954  -0.0000010   0.1185091  -0.0000596   0.0000259
    4.1578671   1519.3235603  21.6608269   0.0033931   0.0054432   0.0015687  -0.0000010   0.1184480  -0.0000573   0.0000252
    4.1841638   1528.9326405  21.6610162   0.0033204   0.0053972   0.0015423  -0.0000009   0.1183895  -0.0000551   0.0000246
    4.2103134   1538.4879160  21.6612028   0.0032481   0.0053529   0.0015162  -0.0000009   0.1183328  -0.0000530   0.0000239
    4.2363127   1547.9883391  21.6613876   0.0031780   0.0053102   0.0014903  -0.0000009   0.1182786  -0.0000510   0.0000233
    4.2621592   1557.4328678  21.6615699   0.0031083   0.0052692   0.0014648  -0.0000009   0.1182258  -0.0000490   0.0000226
    4.2878498   1566.8204665  21.6617505   0.0030407   0.0052296   0.0014394  -0.0000009   0.1181755  -0.0000472   0.0000220
    4.3133818   1576.1501057  21.6619284   0.0029735   0.0051915   0.0014143  -0.0000009   0.1181264  -0.0000453   0.0000214
    4.3387524   1585.4207624  21.6621048   0.0029082   0.0051548   0.0013893  -0.0000008   0.1180798  -0.0000436   0.0000209
    4.3639588   1594.6314198  21.6622785   0.0028432   0.0051194   0.0013647  -0.0000008   0.1180341  -0.0000419   0.0000203
    4.3889983   1603.7810680  21.6624507   0.0027801   0.0050854   0.0013400  -0.0000008   0.1179907  -0.0000403   0.0000198
    4.4138680   1612.8687036  21.6626203   0.0027174   0.0050526   0.0013157  -0.0000008   0.1179482  -0.0000387   0.0000192
    4.4385653   1621.8933300  21.6627884   0.0026563   0.0050210   0.0012913  -0.0000008   0.1179079  -0.0000372   0.0000187
    4.4630875   1630.8539575  21.6629540   0.0025956   0.0049906   0.0012673  -0.0000008   0.1178683  -0.0000357   0.0000182
    4.4874318   1639.7496035  21.6631179   0.0025365   0.0049614   0.0012431  -0.0000007   0.1178309  -0.0000343   0.0000177
    4.5115957   1648.5792926  21.6632795   0.0024777   0.0049332   0.0012194  -0.0000007   0.1177939  -0.0000330   0.0000173
    4.5355763   1657.3420565  21.6634395   0.0024205   0.0049061   0.0011955  -0.0000007   0.1177592  -0.0000317   0.0000168
    4.5593712   1666.0369341  21.6635971   0.0023636   0.0048800   0.0011721  -0.0000007   0.1177247  -0.0000304   0.0000163
    4.5829777   1674.6629721  21.6637532   0.0023081   0.0048549   0.0011484  -0.0000007   0.1176924  -0.0000292   0.0000159
    4.6063933   1683.2192244  21.6639069   0.0022530   0.0048307   0.0011252  -0.0000007   0.1176602  -0.0000280   0.0000155
    4.6296152   1691.7047528  21.6640591   0.0021992   0.0048075   0.0011018  -0.0000007   0.1176302  -0.0000268   0.0000150
    4.6526411   1700.1186268  21.6642090   0.0021458   0.0047851   0.0010789  -0.0000006   0.1176002  -0.0000257   0.0000146
    4.6754684   1708.4599236  21.6643574   0.0020936   0.0047636   0.0010557  -0.0000006   0.1175723  -0.0000247   0.0000142
    4.6980945   1716.7277286  21.6645035   0.0020418   0.0047429   0.0010330  -0.0000006   0.1175442  -0.0000236   0.0000138
    4.7205171   1724.9211352  21.6646481   0.0019911   0.0047230   0.0010101  -0.0000006   0.1175182  -0.0000226   0.0000134
    4.7427336   1733.0392447  21.6647904   0.0019409   0.0047038   0.0009877  -0.0000006   0.1174920  -0.0000217   0.0000131
    4.7647415   1741.0811670  21.6649313   0.0018918   0.0046854   0.0009651  -0.0000006   0.1174679  -0.0000207   0.0000127
    4.7865386   1749.0460201  21.6650699   0.0018431   0.0046677   0.0009430  -0.0000005   0.1174434  -0.0000198   0.0000123
    4.8081224   1756.9329307  21.6652071   0.0017953   0.0046507   0.0009206  -0.0000005   0.1174210  -0.0000190   0.0000120
    4.8294905   1764.7410338  21.6653420   0.0017481   0.0046343   0.0008989  -0.0000005   0.1173981  -0.0000181   0.0000116
    4.8506406   1772.4694733  21.6654755   0.0017018   0.0046187   0.0008768  -0.0000005   0.1173772  -0.0000173   0.0000113
    4.8715703   1780.1174015  21.6656069   0.0016560   0.0046036   0.0008555  -0.0000005   0.1173558  -0.0000165   0.0000109
    4.8922774   1787.6839798  21.6657367   0.0016111   0.0045891   0.0008337  -0.0000005   0.1173364  -0.0000158   0.0000106
    4.9127597   1795.1683785  21.6658645   0.0015667   0.0045752   0.0008127  -0.0000005   0.1173165  -0.0000150   0.0000103
    4.9330148   1802.5697768  21.6659907   0.0015230   0.0045619   0.0007913  -0.0000004   0.1172984  -0.0000143   0.0000099
    4.9530405   1809.8873630  21.6661149   0.0014800   0.0045491   0.0007708  -0.0000004   0.1172798  -0.0000136   0.0000096
    4.9728346   1817.1203348  21.6662376   0.0014377   0.0045369   0.0007498  -0.0000004   0.1172630  -0.0000130   0.0000093
    4.9923951   1824.2678988  21.6663582   0.0013960   0.0045251   0.0007298  -0.0000004   0.1172456  -0.0000124   0.0000090
    5.0117196   1831.3292714  21.6664774   0.0013549   0.0045139   0.0007092  -0.0000004   0.1172300  -0.0000117   0.0000087
    5.0308062   1838.3036781  21.6665944   0.0013145   0.0045031   0.0006897  -0.0000004   0.1172138  -0.0000112   0.0000084
    5.0496527   1845.1903542  21.6667101   0.0012747   0.0044928   0.0006696  -0.0000004   0.1171993  -0.0000106   0.0000081
    5.0682570   1851.9885444  21.6668236   0.0012356   0.0044830   0.0006506  -0.0000004   0.1171842  -0.0000101   0.0000079
    5.0866171   1858.6975032  21.6669358   0.0011970   0.0044736   0.0006310  -0.0000003   0.1171708  -0.0000095   0.0000076
    5.1047310   1865.3164949  21.6670459   0.0011593   0.0044646   0.0006126  -0.0000003   0.1171567  -0.0000090   0.0000073
    5.1225967   1871.8447937  21.6671545   0.0011219   0.0044560   0.0005935  -0.0000003   0.1171443  -0.0000085   0.0000070
    5.1402123   1878.2816836  21.6672611   0.0010854   0.0044478   0.0005758  -0.0000003   0.1171312  -0.0000081   0.0000068
    5.1575757   1884.6264589  21.6673663   0.0010492   0.0044400   0.0005571  -0.0000003   0.1171197  -0.0000076   0.0000065
    5.1746852   1890.8784237  21.6674694   0.0010140   0.0044325   0.0005401  -0.0000003   0.1171076  -0.0000072   0.0000062
    5.1915388   1897.0368923  21.6675712   0.0009789   0.0044255   0.0005221  -0.0000003   0.1170970  -0.0000068   0.0000060
    5.2081347   1903.1011896  21.6676708   0.0009450   0.0044187   0.0005058  -0.0000003   0.1170857  -0.0000064   0.0000057
    5.2244711   1909.0706504  21.6677691   0.0009111   0.0044123   0.0004883  -0.0000003   0.1170760  -0.0000060   0.0000055
    5.2405461   1914.9446201  21.6678653   0.0008785   0.0044063   0.0004728  -0.0000002   0.1170656  -0.0000057   0.0000053
    5.2563581   1920.7224547  21.6679602   0.0008457   0.0044005   0.0004559  -0.0000002   0.1170566  -0.0000053   0.0000050
    5.2719052   1926.4035204  21.6680529   0.0008143   0.0043951   0.0004411  -0.0000002   0.1170470  -0.0000050   0.0000048
    5.2871858   1931.9871943  21.6681443   0.0007828   0.0043899   0.0004248  -0.0000002   0.1170387  -0.0000047   0.0000046
    5.3021982   1937.4728640  21.6682337   0.0007527   0.0043850   0.0004109  -0.0000002   0.1170299  -0.0000044   0.0000043
    5.3169407   1942.8599281  21.6683216   0.0007222   0.0043804   0.0003952  -0.0000002   0.1170224  -0.0000041   0.0000041
    5.3314118   1948.1477957  21.6684075   0.0006934   0.0043761   0.0003821  -0.0000002   0.1170143  -0.0000038   0.0000039
    5.3456099   1953.3358870  21.6684920   0.0006640   0.0043720   0.0003669  -0.0000002   0.1170074  -0.0000035   0.0000037
    5.3595333   1958.4236331  21.6685745   0.0006365   0.0043682   0.0003548  -0.0000002   0.1170000  -0.0000033   0.0000035
    5.3731805   1963.4104760  21.6686555   0.0006082   0.0043646   0.0003401  -0.0000002   0.1169937  -0.0000031   0.0000033
    5.3865502   1968.2958689  21.6687345   0.0005820   0.0043613   0.0003288  -0.0000002   0.1169870  -0.0000028   0.0000031
    5.3996407   1973.0792759  21.6688121   0.0005548   0.0043582   0.0003146  -0.0000001   0.1169813  -0.0000026   0.0000029
    5.4124507   1977.7601727  21.6688877   0.0005299   0.0043552   0.0003043  -0.0000001   0.1169752  -0.0000024   0.0000027
    5.4249788   1982.3380458  21.6689619   0.0005038   0.0043525   0.0002904  -0.0000001   0.1169701  -0.0000022   0.0000025
    5.4372236   1986.8123932  21.6690340   0.0004803   0.0043500   0.0002810  -0.0000001   0.1169646  -0.0000021   0.0000023
    5.4491837   1991.1827243  21.6691046   0.0004551   0.0043477   0.0002675  -0.0000001   0.1169600  -0.0000019   0.0000022
    5.4608578   1995.4485598  21.6691732   0.0004330   0.0043455   0.0002591  -0.0000001   0.1169551  -0.0000017   0.0000020
    5.4722447   1999.6094320  21.6692404   0.0004088   0.0043435   0.0002457  -0.0000001   0.1169509  -0.0000016   0.0000018
    5.4833430   2003.6648844  21.6693055   0.0003881   0.0043417   0.0002383  -0.0000001   0.1169465  -0.0000015   0.0000016
    5.4941517   2007.6144725  21.6693690   0.0003649   0.0043401   0.0002251  -0.0000001   0.1169429  -0.0000013   0.0000015
    5.5046695   2011.4577631  21.6694305   0.0003456   0.0043385   0.0002187  -0.0000001   0.1169390  -0.0000012   0.0000013
    5.5148952   2015.1943347  21.6694904   0.0003235   0.0043372   0.0002056  -0.0000001   0.1169357  -0.0000011   0.0000012
    5.5248277   2018.8237776  21.6695483   0.0003056   0.0043359   0.0002002  -0.0000001   0.1169323  -0.0000010   0.0000010
    5.5344660   2022.3456938  21.6696044   0.0002845   0.0043348   0.0001870  -0.0000001   0.1169294  -0.0000009   0.0000009
    5.5438090   2025.7596970  21.6696584   0.0002681   0.0043338   0.0001828  -0.0000001   0.1169265  -0.0000008   0.0000007
    5.5528556   2029.0654128  21.6697105   0.0002482   0.0043330   0.0001696  -0.0000000   0.1169239  -0.0000007   0.0000006
    5.5616048   2032.2624788  21.6697604   0.0002333   0.0043321   0.0001666  -0.0000000   0.1169214  -0.0000006   0.0000005
    5.5700558   2035.3505444  21.6698084   0.0002149   0.0043315   0.0001536  -0.0000000   0.1169191  -0.0000006   0.0000003
    5.5782076   2038.3292709  21.6698540   0.0002014   0.0043309   0.0001518  -0.0000000   0.1169171  -0.0000005   0.0000002
    5.5860592   2041.1983317  21.6698975   0.0001852   0.0043305   0.0001395  -0.0000000   0.1169150  -0.0000004   0.0000001
    5.5936099   2043.9574121  21.6699385   0.0001730   0.0043301   0.0001390  -0.0000000   0.1169134  -0.0000004  -0.0000000
    5.6008587   2046.6062096  21.6699772   0.0001599   0.0043299   0.0001282  -0.0000000   0.1169115  -0.0000003  -0.0000001
    5.6078050   2049.1444337  21.6700133   0.0001490   0.0043296   0.0001292  -0.0000000   0.1169104  -0.0000003  -0.0000003
    5.6144478   2051.5718061  21.6700469   0.0001409   0.0043297   0.0001213  -0.0000000   0.1169086  -0.0000002  -0.0000003
    5.6207866   2053.8880605  21.6700779   0.0001312   0.0043296   0.0001240  -0.0000000   0.1169079  -0.0000002  -0.0000005
    5.6268206   2056.0929430  21.6701063   0.0001300   0.0043299   0.0001210   0.0000000   0.1169063  -0.0000001  -0.0000005
    5.6325492   2058.1862118  21.6701320   0.0001217   0.0043300   0.0001253   0.0000000   0.1169059  -0.0000001  -0.0000006
    5.6379717   2060.1676373  21.6701551   0.0001290   0.0043307   0.0001291   0.0000000   0.1169044  -0.0000001  -0.0000007
    5.6430875   2062.0370023  21.6701755   0.0001225   0.0043310   0.0001350   0.0000000   0.1169044  -0.0000001  -0.0000008
    5.6478961   2063.7941017  21.6701934   0.0001375   0.0043321   0.0001463   0.0000000   0.1169030  -0.0000000  -0.0000009
    5.6523969   2065.4387429  21.6702088   0.0001330   0.0043329   0.0001534   0.0000000   0.1169033  -0.0000000  -0.0000010
    5.6565895   2066.9707455  21.6702219   0.0001529   0.0043346   0.0001709   0.0000000   0.1169022  -0.0000000  -0.0000010
    5.6604733   2068.3899415  21.6702328   0.0001496   0.0043359   0.0001783  -0.0000000   0.1169027  -0.0000000  -0.0000011
    5.6640480   2069.6961753  21.6702416   0.0001700   0.0043383   0.0001983   0.0000000   0.1169018  -0.0000000  -0.0000012
    5.6673132   2070.8893036  21.6702486   0.0001655   0.0043402   0.0002023  -0.0000000   0.1169027  -0.0000000  -0.0000012
    5.6702685   2071.9691956  21.6702540   0.0001800   0.0043431   0.0002171  -0.0000000   0.1169021  -0.0000000  -0.0000013
    5.6729136   2072.9357329  21.6702580   0.0001688   0.0043454   0.0002106  -0.0000000   0.1169030  -0.0000000  -0.0000014
    5.6752482   2073.7888095  21.6702608   0.0001688   0.0043481   0.0002090  -0.0000000   0.1169028  -0.0000000  -0.0000014
    5.6772720   2074.5283317  21.6702627   0.0001444   0.0043501   0.0001833  -0.0000000   0.1169038  -0.0000000  -0.0000015
    5.6789848   2075.1542187  21.6702639   0.0001254   0.0043519   0.0001586  -0.0000000   0.1169039   0.0000000  -0.0000015
    5.6803865   2075.6664016  21.6702645   0.0000892   0.0043529   0.0001148  -0.0000000   0.1169047   0.0000000  -0.0000016
    5.6814768   2076.0648243  21.6702649   0.0000605   0.0043536   0.0000777  -0.0000000   0.1169051   0.0000000  -0.0000016
    5.6822557   2076.3494432  21.6702650   0.0000276   0.0043538   0.0000358  -0.0000000   0.1169055   0.0000000  -0.0000016
    5.6827231   2076.5202271  21.6702650   0.0000109   0.0043539   0.0000137  -0.0000000   0.1169058   0.0000001  -0.0000017
    5.6828789   2076.5771571  21.6702650   0.0000039   0.0043539   0.0000022  -0.0000000   0.1169059   0.0000001  -0.0000017
