 % Spectral simulation Chan180_S2
 % 
 % Paper: "Comparison of DNS databases of turbulent channel flow
 %         at Re_tau=180" by A.W. Vreman and J.G.M. Kuerten
 % 
 % Parameters:     H=1; nu=1/180; forcing=1
 % Domain:         4pi x  2  x 4pi/3
 % Resolution:     384 x 193 x 192
 % Averaging time: 200
 % Computed u_tau: 0.99990
 % 
 % Creation date of this datafile: 31th August 2013
 % 
 % Description of columns:
 % Column 1:  y+ (=180*y)
 % Column 2:  <w>
 % Column 3:  rms(w)  (=sqrt(<w'w'>)
 % Column 4:  <w'w'w'>
 % Column 5:  <w'w'w'w'>
 % Column 6:  <w'w'v'>
  0.00000000000E+00 -0.11371398919E-17  0.10000000004E-09  0.40648347569E-46  0.21846561401E-57 -0.36081178707E-48
  0.24095176279E-01  0.23825628394E-05  0.47889462519E-02  0.15815545844E-08  0.42307464333E-08  0.99828686060E-11
  0.96374254253E-01  0.95297110147E-05  0.18990637188E-01  0.97660298937E-07  0.10372069461E-05  0.25878485223E-08
  0.21681788307E+00  0.21440344095E-04  0.42122959430E-01  0.10484438629E-05  0.24749195282E-04  0.67442319074E-07
  0.38539381705E+00  0.38114955735E-04  0.73419789287E-01  0.54258853310E-05  0.22390423065E-03  0.68408869032E-06
  0.60205692435E+00  0.59559789818E-04  0.11188037486E+00  0.18642926232E-04  0.11768934401E-02  0.41112061001E-05
  0.86674919900E+00  0.85796360236E-04  0.15632916051E+00  0.49072699802E-04  0.43497423200E-02  0.17603831280E-04
  0.11793997765E+01  0.11687576236E-03  0.20547860441E+00  0.10686844531E-03  0.12524683147E-01  0.59174906616E-04
  0.15399249527E+01  0.15290167989E-03  0.25799216419E+00  0.20169927578E-03  0.29892830770E-01  0.16539496760E-03
  0.19482282063E+01  0.19405283825E-03  0.31254654429E+00  0.34010024027E-03  0.61604286176E-01  0.39898104658E-03
  0.24042002247E+01  0.24060831456E-03  0.36789329263E+00  0.52333140184E-03  0.11283326497E+00  0.85248083934E-03
  0.29077189331E+01  0.29296604392E-03  0.42291843204E+00  0.74664362141E-03  0.18768653552E+00  0.16442717060E-02
  0.34586495274E+01  0.35168022226E-03  0.47669551513E+00  0.10007601215E-02  0.28838104734E+00  0.29049011365E-02
  0.40568445102E+01  0.41752341754E-03  0.52852408395E+00  0.12759343046E-02  0.41497793250E+00  0.47551482505E-02
  0.47021437301E+01  0.49161391292E-03  0.57794484849E+00  0.15673152765E-02  0.56568733265E+00  0.72807225157E-02
  0.53943744250E+01  0.57558293703E-03  0.62472628169E+00  0.18781360788E-02  0.73753526083E+00  0.10510233700E-01
  0.61333512680E+01  0.67176238837E-03  0.66882394372E+00  0.22176764987E-02  0.92711804640E+00  0.14401885832E-01
  0.69188764171E+01  0.78326044468E-03  0.71032061980E+00  0.25943738286E-02  0.11312120936E+01  0.18841485713E-01
  0.77507395682E+01  0.91383578322E-03  0.74935978946E+00  0.30058843078E-02  0.13470710241E+01  0.23651935466E-01
  0.86287180115E+01  0.10674482627E-02  0.78608583879E+00  0.34286121682E-02  0.15723553662E+01  0.28612854815E-01
  0.95525766909E+01  0.12475680133E-02  0.82060202766E+00  0.38142068838E-02  0.18048082726E+01  0.33487267091E-01
  0.10522068267E+02  0.14563688070E-02  0.85295186975E+00  0.41022270212E-02  0.20418854811E+01  0.38050101903E-01
  0.11536933184E+02  0.16940907888E-02  0.88312289477E+00  0.42431824183E-02  0.22805155966E+01  0.42112896117E-01
  0.12596899737E+02  0.19586525266E-02  0.91106649178E+00  0.42068043561E-02  0.25171264522E+01  0.45540849495E-01
  0.13701684148E+02  0.22455967486E-02  0.93672514149E+00  0.39654320421E-02  0.27480451103E+01  0.48259492575E-01
  0.14850990639E+02  0.25482913434E-02  0.96005789537E+00  0.34852830188E-02  0.29701073849E+01  0.50250950019E-01
  0.16044511514E+02  0.28583457089E-02  0.98105765753E+00  0.27547840127E-02  0.31810151649E+01  0.51544727423E-01
  0.17281927238E+02  0.31660606168E-02  0.99975852436E+00  0.18287923849E-02  0.33791475081E+01  0.52208254520E-01
  0.18562906524E+02  0.34611278297E-02  0.10162347980E+01  0.82723131131E-03  0.35631854500E+01  0.52340553106E-01
  0.19887106424E+02  0.37338583559E-02  0.10305940741E+01 -0.11830422793E-03  0.37320532715E+01  0.52066759828E-01
  0.21254172417E+02  0.39767375134E-02  0.10429670524E+01 -0.92108406020E-03  0.38849810493E+01  0.51533478931E-01
  0.22663738507E+02  0.41854518343E-02  0.10534979137E+01 -0.15912715380E-02  0.40215842724E+01  0.50904623342E-01
  0.24115427319E+02  0.43593386703E-02  0.10623372502E+01 -0.22319674773E-02  0.41419034902E+01  0.50348471012E-01
  0.25608850200E+02  0.45012119302E-02  0.10696360161E+01 -0.29593890249E-02  0.42462996277E+01  0.50014034562E-01
  0.27143607325E+02  0.46161235992E-02  0.10755413186E+01 -0.38358187992E-02  0.43352603103E+01  0.50015162687E-01
  0.28719287803E+02  0.47101075834E-02  0.10801929659E+01 -0.48414617633E-02  0.44093126155E+01  0.50426155323E-01
  0.30335469786E+02  0.47901731101E-02  0.10837178886E+01 -0.58808994658E-02  0.44689525981E+01  0.51288535496E-01
  0.31991720582E+02  0.48641334297E-02  0.10862300502E+01 -0.68149129273E-02  0.45144730265E+01  0.52623896863E-01
  0.33687596774E+02  0.49395060876E-02  0.10878321926E+01 -0.74712586668E-02  0.45462658651E+01  0.54435830129E-01
  0.35422644333E+02  0.50228915264E-02  0.10886108675E+01 -0.77702852697E-02  0.45649832541E+01  0.56710139095E-01
  0.37196398748E+02  0.51196740466E-02  0.10886268970E+01 -0.78091488126E-02  0.45712444094E+01  0.59408595154E-01
  0.39008385139E+02  0.52326773518E-02  0.10879128115E+01 -0.76934310115E-02  0.45653671547E+01  0.62470278477E-01
  0.40858118395E+02  0.53618194742E-02  0.10864861041E+01 -0.74418726630E-02  0.45476506170E+01  0.65817131615E-01
  0.42745103297E+02  0.55036365734E-02  0.10843701009E+01 -0.70086324745E-02  0.45188480646E+01  0.69367224379E-01
  0.44668834654E+02  0.56469588321E-02  0.10815977623E+01 -0.63576571376E-02  0.44797588027E+01  0.73032374660E-01
  0.46628797436E+02  0.57714003627E-02  0.10781911503E+01 -0.55177870725E-02  0.44305602751E+01  0.76704743870E-01
  0.48624466914E+02  0.58565169659E-02  0.10741469900E+01 -0.45074571665E-02  0.43712811071E+01  0.80275008304E-01
  0.50655308800E+02  0.58921544658E-02  0.10694501940E+01 -0.33085505338E-02  0.43024139160E+01  0.83676787670E-01
  0.52720779386E+02  0.58771116230E-02  0.10640966316E+01 -0.19895276025E-02  0.42240258421E+01  0.86886849940E-01
  0.54820325698E+02  0.58098682027E-02  0.10580941532E+01 -0.74114487936E-03  0.41356019979E+01  0.89910737878E-01
  0.56953385636E+02  0.56831013659E-02  0.10514593166E+01  0.27374223044E-03  0.40375816759E+01  0.92761813226E-01
  0.59119388128E+02  0.54920143646E-02  0.10442176698E+01  0.10508396680E-02  0.39314482060E+01  0.95439682815E-01
  0.61317753282E+02  0.52470571403E-02  0.10364087221E+01  0.17635541865E-02  0.38189532604E+01  0.97946598275E-01
  0.63547892544E+02  0.49680306809E-02  0.10280839174E+01  0.25037140376E-02  0.37017915029E+01  0.10028469865E+00
  0.65809208851E+02  0.46718624662E-02  0.10192807511E+01  0.31953278241E-02  0.35815867428E+01  0.10241726223E+00
  0.68101096793E+02  0.43729224747E-02  0.10100164547E+01  0.37134165904E-02  0.34592472033E+01  0.10429640827E+00
  0.70422942778E+02  0.40832120259E-02  0.10003253935E+01  0.39731592972E-02  0.33353751025E+01  0.10591762001E+00
  0.72774125191E+02  0.38084843992E-02  0.99026563551E+00  0.38821077769E-02  0.32107298496E+01  0.10729160156E+00
  0.75154014564E+02  0.35485780384E-02  0.97989871280E+00  0.34002293111E-02  0.30862024221E+01  0.10842369558E+00
  0.77561973742E+02  0.33014375745E-02  0.96927423587E+00  0.25747438447E-02  0.29624976220E+01  0.10932729788E+00
  0.79997358056E+02  0.30640921472E-02  0.95843320965E+00  0.15593746674E-02  0.28403778223E+01  0.11003781266E+00
  0.82459515497E+02  0.28305154707E-02  0.94740088294E+00  0.52522441439E-03  0.27202154940E+01  0.11055265516E+00
  0.84947786883E+02  0.25938453014E-02  0.93617805612E+00 -0.48692471929E-03  0.26017568222E+01  0.11081434505E+00
  0.87461506045E+02  0.23531044328E-02  0.92476360467E+00 -0.14530063412E-02  0.24853437124E+01  0.11076870886E+00
  0.90000000000E+02  0.21130181853E-02  0.91316478331E+00 -0.22450250112E-02  0.23714420913E+01  0.11040782851E+00
  0.92562589131E+02  0.18808035519E-02  0.90139704295E+00 -0.27641672249E-02  0.22606092539E+01  0.10976876911E+00
  0.95148587371E+02  0.16621388349E-02  0.88948048157E+00 -0.30167923811E-02  0.21532554868E+01  0.10889538343E+00
  0.97757302387E+02  0.14570427156E-02  0.87743567779E+00 -0.30688225701E-02  0.20492016162E+01  0.10781949119E+00
  0.10038803576E+03  0.12620104358E-02  0.86527584674E+00 -0.30214275922E-02  0.19477960437E+01  0.10655024087E+00
  0.10304008318E+03  0.10741225974E-02  0.85301048274E+00 -0.28851679086E-02  0.18485289483E+01  0.10508139848E+00
  0.10571273464E+03  0.88760228346E-03  0.84064957226E+00 -0.25700290846E-02  0.17514895633E+01  0.10339474307E+00
  0.10840527459E+03  0.69199060089E-03  0.82820533449E+00 -0.20338292208E-02  0.16570859308E+01  0.10147076025E+00
  0.11111698217E+03  0.47399048728E-03  0.81570583836E+00 -0.14148799685E-02  0.15658455405E+01  0.99316559409E-01
  0.11384713141E+03  0.22319463660E-03  0.80319481001E+00 -0.86376036618E-03  0.14780320569E+01  0.96939801287E-01
  0.11659499137E+03 -0.66881653665E-04  0.79071676953E+00 -0.45172194833E-03  0.13936460422E+01  0.94337492620E-01
  0.11935982639E+03 -0.40111574055E-03  0.77830888427E+00 -0.17706692707E-03  0.13126030127E+01  0.91509088921E-01
  0.12214089625E+03 -0.77730106797E-03  0.76599511943E+00  0.94248739291E-05  0.12348634597E+01  0.88451218716E-01
  0.12493745638E+03 -0.11869373223E-02  0.75381687384E+00  0.14217872261E-03  0.11608912714E+01  0.85187733781E-01
  0.12774875809E+03 -0.16244690277E-02  0.74183824641E+00  0.17060389856E-03  0.10913714696E+01  0.81753503458E-01
  0.13057404873E+03 -0.20864008679E-02  0.73010265129E+00  0.18875225053E-04  0.10263667638E+01  0.78157143549E-01
  0.13341257188E+03 -0.25626700432E-02  0.71863888077E+00 -0.28746243454E-03  0.96554661773E+00  0.74399632316E-01
  0.13626356762E+03 -0.30357000699E-02  0.70748506586E+00 -0.63701188970E-03  0.90856555086E+00  0.70494447345E-01
  0.13912627265E+03 -0.34889210623E-02  0.69669040729E+00 -0.92690018624E-03  0.85521256933E+00  0.66456346113E-01
  0.14199992058E+03 -0.39108121506E-02  0.68631454335E+00 -0.11276273472E-02  0.80533720486E+00  0.62284819582E-01
  0.14488374204E+03 -0.42884720404E-02  0.67643072009E+00 -0.12216741658E-02  0.75899033490E+00  0.57974782191E-01
  0.14777696497E+03 -0.46062436598E-02  0.66711869985E+00 -0.11954801170E-02  0.71646799664E+00  0.53540988909E-01
  0.15067881479E+03 -0.48544814219E-02  0.65844469043E+00 -0.10463871389E-02  0.67793333967E+00  0.49006383134E-01
  0.15358851460E+03 -0.50349329865E-02  0.65045060186E+00 -0.77815187571E-03  0.64332636366E+00  0.44379134023E-01
  0.15650528540E+03 -0.51567318342E-02  0.64316002290E+00 -0.40972437302E-03  0.61244275008E+00  0.39665454576E-01
  0.15942834631E+03 -0.52299346849E-02  0.63659406778E+00  0.17821789122E-04  0.58526441080E+00  0.34879880770E-01
  0.16235691474E+03 -0.52620191784E-02  0.63078288006E+00  0.43755060992E-03  0.56184254590E+00  0.30029891316E-01
  0.16529020666E+03 -0.52586315585E-02  0.62576342206E+00  0.79566758853E-03  0.54198443423E+00  0.25118457702E-01
  0.16822743674E+03 -0.52271462815E-02  0.62158061054E+00  0.11006244191E-02  0.52555137486E+00  0.20153495930E-01
  0.17116781862E+03 -0.51796258892E-02  0.61828364991E+00  0.13745146520E-02  0.51266183061E+00  0.15145858380E-01
  0.17411056509E+03 -0.51311947315E-02  0.61591416091E+00  0.16173113532E-02  0.50358051757E+00  0.10108843053E-01
  0.17705488831E+03 -0.50959711611E-02  0.61449036993E+00  0.17897223311E-02  0.49829604512E+00  0.50564874014E-02
  0.18000000000E+03 -0.50832473878E-02  0.61401551852E+00  0.18512736519E-02  0.49657272159E+00  0.00000000000E+00

