 % Spectral simulation Chan180_S2
 % 
 % Paper: "Comparison of DNS databases of turbulent channel flow
 %         at Re_tau=180" by A.W. Vreman and J.G.M. Kuerten
 % 
 % Parameters:     H=1; nu=1/180; forcing=1
 % Domain:         4pi x  2  x 4pi/3
 % Resolution:     384 x 193 x 192
 % Averaging time: 200
 % Computed u_tau: 0.99990
 % 
 % Creation date of this datafile: 31th August 2013
 % 
 % Description of columns:
 % Column 1:  y+ (=180*y)
 % Column 2:  <u>
 % Column 3:  rms(u)  (=sqrt(<u'u'>)
 % Column 4:  <u'u'u'>
 % Column 5:  <u'u'u'u'>
 % Column 6:  <u'u'v'>
 % Column 7:  <u'w'>
  0.00000000000E+00  0.13643446674E-13  0.10000002219E-09  0.94615493019E-41  0.56373667271E-52 -0.22565409896E-45  0.17720158087E-30
  0.24095176279E-01  0.24088593031E-01  0.88840187467E-02  0.66317100501E-06  0.26688637436E-07 -0.19368412633E-09  0.11578865550E-06
  0.96374254253E-01  0.96328557776E-01  0.35518586945E-01  0.42484920667E-04  0.68233259177E-05 -0.49586638049E-07  0.18417375348E-05
  0.21681788307E+00  0.21664216012E+00  0.79856497335E-01  0.48472015325E-03  0.17453996325E-03 -0.12711596558E-05  0.92319173765E-05
  0.38539381705E+00  0.38489756847E+00  0.14183205536E+00  0.27292558789E-02  0.17393315920E-02 -0.12700619466E-04  0.28770006051E-04
  0.60205692435E+00  0.60090076883E+00  0.22136862608E+00  0.10433303183E-01  0.10336280885E-01 -0.75668025137E-04  0.68954041819E-04
  0.86674919900E+00  0.86437458456E+00  0.31836694947E+00  0.31185288908E-01  0.44241963984E-01 -0.32444806429E-03  0.13969780984E-03
  0.11793997765E+01  0.11749147423E+01  0.43265433226E+00  0.78476157045E-01  0.15060658305E+00 -0.11047138678E-02  0.25153004520E-03
  0.15399249527E+01  0.15319105992E+01  0.56387522627E+00  0.17342527378E+00  0.43162057477E+00 -0.31600540429E-02  0.41458953975E-03
  0.19482282063E+01  0.19344184841E+01  0.71131188101E+00  0.34503603570E+00  0.10774215895E+01 -0.78554612318E-02  0.63747278677E-03
  0.24042002247E+01  0.23809814639E+01  0.87364614382E+00  0.62698526878E+00  0.23916364746E+01 -0.17327357036E-01  0.92609256661E-03
  0.29077189331E+01  0.28694031989E+01  0.10487097741E+01  0.10489217404E+01  0.47831218669E+01 -0.34363736553E-01  0.12828042850E-02
  0.34586495274E+01  0.33965048756E+01  0.12333067586E+01  0.16221395870E+01  0.86979372194E+01 -0.61813345011E-01  0.17060734211E-02
  0.40568445102E+01  0.39579170427E+01  0.14232008119E+01  0.23234960264E+01  0.14492555214E+02 -0.10149054471E+00  0.21908314622E-02
  0.47021437301E+01  0.45479717029E+01  0.16133258698E+01  0.30853781724E+01  0.22293574290E+02 -0.15285994869E+00  0.27294829530E-02
  0.53943744250E+01  0.51597535449E+01  0.17982055043E+01  0.37996747842E+01  0.31914524588E+02 -0.21206247462E+00  0.33134022949E-02
  0.61333512680E+01  0.57853394675E+01  0.19724936112E+01  0.43382379494E+01  0.42876899728E+02 -0.27184817586E+00  0.39348618949E-02
  0.69188764171E+01  0.64162103366E+01  0.21315091447E+01  0.45838685587E+01  0.54523227234E+02 -0.32264122163E+00  0.45892051876E-02
  0.77507395682E+01  0.70437743216E+01  0.22716471325E+01  0.44600052746E+01  0.66161771830E+02 -0.35445726562E+00  0.52761896696E-02
  0.86287180115E+01  0.76599134290E+01  0.23905956022E+01  0.39479747830E+01  0.77180026763E+02 -0.35902079520E+00  0.59983485653E-02
  0.95525766909E+01  0.82574630040E+01  0.24873488065E+01  0.30870312556E+01  0.87099462077E+02 -0.33138884557E+00  0.67556615893E-02
  0.10522068267E+02  0.88305561111E+01  0.25620567598E+01  0.19600042764E+01  0.95581874720E+02 -0.27065529566E+00  0.75392426777E-02
  0.11536933184E+02  0.93748006917E+01  0.26157769047E+01  0.67194857351E+00  0.10241330255E+03 -0.17969917970E+00  0.83284747043E-02
  0.12596899737E+02  0.98872940507E+01  0.26501946816E+01 -0.67058125557E+00  0.10748543481E+03 -0.64248125225E-01  0.90927892532E-02
  0.13701684148E+02  0.10366506552E+02  0.26673638252E+01 -0.19747165488E+01  0.11078123393E+03  0.68350442426E-01  0.97959769143E-02
  0.14850990639E+02  0.10812079894E+02  0.26694947084E+01 -0.31694116367E+01  0.11236268625E+03  0.21030641013E+00  0.10401205857E-01
  0.16044511514E+02  0.11224585879E+02  0.26587997464E+01 -0.42075153840E+01  0.11235712884E+03  0.35430442355E+00  0.10877076995E-01
  0.17281927238E+02  0.11605283098E+02  0.26373915190E+01 -0.50638130286E+01  0.11094112172E+03  0.49408967486E+00  0.11202498311E-01
  0.18562906524E+02  0.11955896734E+02  0.26072227038E+01 -0.57309974951E+01  0.10832289872E+03  0.62474674159E+00  0.11370623919E-01
  0.19887106424E+02  0.12278434786E+02  0.25700562801E+01 -0.62149614534E+01  0.10472527191E+03  0.74274596408E+00  0.11395638621E-01
  0.21254172417E+02  0.12575045018E+02  0.25274556022E+01 -0.65303378573E+01  0.10037105080E+03  0.84583695437E+00  0.11316129487E-01
  0.22663738507E+02  0.12847911400E+02  0.24807859964E+01 -0.66968506481E+01  0.95471229853E+02  0.93286255097E+00  0.11183679181E-01
  0.24115427319E+02  0.13099184076E+02  0.24312226197E+01 -0.67366091312E+01  0.90216078914E+02  0.10035423447E+01  0.11043602297E-01
  0.25608850200E+02  0.13330934085E+02  0.23797611697E+01 -0.66721832247E+01  0.84769813103E+02  0.10582570210E+01  0.10918024025E-01
  0.27143607325E+02  0.13545124504E+02  0.23272323665E+01 -0.65252370400E+01  0.79269488744E+02  0.10978729236E+01  0.10797813341E-01
  0.28719287803E+02  0.13743590318E+02  0.22743238532E+01 -0.63156359177E+01  0.73826720780E+02  0.11236161595E+01  0.10646339341E-01
  0.30335469786E+02  0.13928020962E+02  0.22216096740E+01 -0.60610026102E+01  0.68530604827E+02  0.11369647619E+01  0.10421300089E-01
  0.31991720582E+02  0.14099949126E+02  0.21695714894E+01 -0.57766051404E+01  0.63450231747E+02  0.11395063241E+01  0.10101914350E-01
  0.33687596774E+02  0.14260756613E+02  0.21186003383E+01 -0.54753039871E+01  0.58634550527E+02  0.11328234563E+01  0.96810108687E-02
  0.35422644333E+02  0.14411694416E+02  0.20689955879E+01 -0.51674391153E+01  0.54113622335E+02  0.11184523182E+01  0.91339431124E-02
  0.37196398748E+02  0.14553898499E+02  0.20209726684E+01 -0.48609684683E+01  0.49902491215E+02  0.10978447180E+01  0.84205226132E-02
  0.39008385139E+02  0.14688394231E+02  0.19746736796E+01 -0.45617237439E+01  0.46003468564E+02  0.10723287540E+01  0.75183747034E-02
  0.40858118395E+02  0.14816097313E+02  0.19301810548E+01 -0.42737929692E+01  0.42410121082E+02  0.10431191188E+01  0.64605546631E-02
  0.42745103297E+02  0.14937818152E+02  0.18875291436E+01 -0.40000285559E+01  0.39112516140E+02  0.10113081941E+01  0.53429058489E-02
  0.44668834654E+02  0.15054273092E+02  0.18467040212E+01 -0.37423451225E+01  0.36097491820E+02  0.97784827909E+00  0.42909682109E-02
  0.46628797436E+02  0.15166097427E+02  0.18076582963E+01 -0.35019168212E+01  0.33347699790E+02  0.94358268077E+00  0.33943562171E-02
  0.48624466914E+02  0.15273850257E+02  0.17703378843E+01 -0.32790413019E+01  0.30843251988E+02  0.90921431775E+00  0.26699165973E-02
  0.50655308800E+02  0.15378016341E+02  0.17346811883E+01 -0.30731018884E+01  0.28562610548E+02  0.87526193978E+00  0.20940670061E-02
  0.52720779386E+02  0.15479008358E+02  0.17006127990E+01 -0.28830604555E+01  0.26485713794E+02  0.84207376625E+00  0.16467424697E-02
  0.54820325698E+02  0.15577172849E+02  0.16680379215E+01 -0.27079160580E+01  0.24593853399E+02  0.80983713089E+00  0.13239863887E-02
  0.56953385636E+02  0.15672804587E+02  0.16368501036E+01 -0.25466536581E+01  0.22867985942E+02  0.77868175304E+00  0.11221696134E-02
  0.59119388128E+02  0.15766154507E+02  0.16069632350E+01 -0.23984604015E+01  0.21292607186E+02  0.74877467489E+00  0.10023259689E-02
  0.61317753282E+02  0.15857428281E+02  0.15783193451E+01 -0.22626681293E+01  0.19855214929E+02  0.72027255665E+00  0.91670702389E-03
  0.63547892544E+02  0.15946794318E+02  0.15508565070E+01 -0.21384150808E+01  0.18543924118E+02  0.69324879430E+00  0.86265477366E-03
  0.65809208851E+02  0.16034400712E+02  0.15244911599E+01 -0.20248912907E+01  0.17347540341E+02  0.66770689381E+00  0.86592659731E-03
  0.68101096793E+02  0.16120383941E+02  0.14991250520E+01 -0.19213347774E+01  0.16253930379E+02  0.64363801309E+00  0.95029614653E-03
  0.70422942778E+02  0.16204861786E+02  0.14746499185E+01 -0.18267435365E+01  0.15250437729E+02  0.62099044269E+00  0.11269964266E-02
  0.72774125191E+02  0.16287934484E+02  0.14509520970E+01 -0.17400361562E+01  0.14325468738E+02  0.59967028791E+00  0.13951746039E-02
  0.75154014564E+02  0.16369688938E+02  0.14279447502E+01 -0.16602501517E+01  0.13469493626E+02  0.57962802415E+00  0.17586615536E-02
  0.77561973742E+02  0.16450188534E+02  0.14055759274E+01 -0.15865326037E+01  0.12674985833E+02  0.56079671650E+00  0.22115154245E-02
  0.79997358056E+02  0.16529470157E+02  0.13838011482E+01 -0.15181437257E+01  0.11935567212E+02  0.54304433331E+00  0.27286728420E-02
  0.82459515497E+02  0.16607556385E+02  0.13625707455E+01 -0.14546429026E+01  0.11246524833E+02  0.52622233687E+00  0.32646840598E-02
  0.84947786883E+02  0.16684467324E+02  0.13418275799E+01 -0.13957129578E+01  0.10603162728E+02  0.51023488138E+00  0.37577606999E-02
  0.87461506045E+02  0.16760221374E+02  0.13215034034E+01 -0.13410682035E+01  0.10001986992E+02  0.49500514934E+00  0.41591581377E-02
  0.90000000000E+02  0.16834832420E+02  0.13015250859E+01 -0.12904335500E+01  0.94400963282E+01  0.48043810922E+00  0.44525889600E-02
  0.92562589131E+02  0.16908307157E+02  0.12818287887E+01 -0.12433083598E+01  0.89136731731E+01  0.46644973118E+00  0.46359124206E-02
  0.95148587371E+02  0.16980635371E+02  0.12623716313E+01 -0.11990867923E+01  0.84190239589E+01  0.45299750925E+00  0.47201470486E-02
  0.97757302387E+02  0.17051791402E+02  0.12431070338E+01 -0.11570823735E+01  0.79519556289E+01  0.44002310014E+00  0.47288531345E-02
  0.10038803576E+03  0.17121748012E+02  0.12239754049E+01 -0.11167781209E+01  0.75096309383E+01  0.42743693834E+00  0.46857730024E-02
  0.10304008318E+03  0.17190482029E+02  0.12049112718E+01 -0.10778839648E+01  0.70901733409E+01  0.41511904471E+00  0.46266461877E-02
  0.10571273464E+03  0.17257967431E+02  0.11858597742E+01 -0.10401977932E+01  0.66914836038E+01  0.40295934186E+00  0.45841165995E-02
  0.10840527459E+03  0.17324161958E+02  0.11667893722E+01 -0.10035204636E+01  0.63119989547E+01  0.39088238099E+00  0.45687902332E-02
  0.11111698217E+03  0.17389008846E+02  0.11476796689E+01 -0.96760782139E+00  0.59504408102E+01  0.37882236817E+00  0.45648983722E-02
  0.11384713141E+03  0.17452447373E+02  0.11285103321E+01 -0.93212769875E+00  0.56049068203E+01  0.36671244454E+00  0.45403390726E-02
  0.11659499137E+03  0.17514408277E+02  0.11092856535E+01 -0.89688300465E+00  0.52742081623E+01  0.35451766299E+00  0.44920628601E-02
  0.11935982639E+03  0.17574804418E+02  0.10900439378E+01 -0.86177479876E+00  0.49580555818E+01  0.34220656033E+00  0.44519924953E-02
  0.12214089625E+03  0.17633529561E+02  0.10708278024E+01 -0.82664710130E+00  0.46560720049E+01  0.32971763391E+00  0.44398206319E-02
  0.12493745638E+03  0.17690463920E+02  0.10516661942E+01 -0.79138897331E+00  0.43679651922E+01  0.31697458703E+00  0.44412904758E-02
  0.12774875809E+03  0.17745489192E+02  0.10325778617E+01 -0.75603232326E+00  0.40933763025E+01  0.30391992262E+00  0.44356718438E-02
  0.13057404873E+03  0.17798497220E+02  0.10135776480E+01 -0.72059453767E+00  0.38316242952E+01  0.29050282579E+00  0.44059680109E-02
  0.13341257188E+03  0.17849387355E+02  0.99468606920E+00 -0.68512853199E+00  0.35822941995E+01  0.27667262547E+00  0.43330541168E-02
  0.13626356762E+03  0.17898057565E+02  0.97595541891E+00 -0.64973807335E+00  0.33453501775E+01  0.26241010617E+00  0.42036547240E-02
  0.13912627265E+03  0.17944394909E+02  0.95746032849E+00 -0.61445033213E+00  0.31206369741E+01  0.24770377875E+00  0.40164975794E-02
  0.14199992058E+03  0.17988273076E+02  0.93928569680E+00 -0.57934381390E+00  0.29078091003E+01  0.23253634354E+00  0.37873224652E-02
  0.14488374204E+03  0.18029556947E+02  0.92154889411E+00 -0.54465338755E+00  0.27069827736E+01  0.21690811383E+00  0.35277629999E-02
  0.14777696497E+03  0.18068107415E+02  0.90440747077E+00 -0.51078135175E+00  0.25193301274E+01  0.20083369410E+00  0.32392239016E-02
  0.15067881479E+03  0.18103786426E+02  0.88802069824E+00 -0.47811368674E+00  0.23456289619E+01  0.18431218885E+00  0.29255391474E-02
  0.15358851460E+03  0.18136464117E+02  0.87252845307E+00 -0.44696528671E+00  0.21858098144E+01  0.16733671699E+00  0.25970263555E-02
  0.15650528540E+03  0.18166021511E+02  0.85806700964E+00 -0.41768960420E+00  0.20401912192E+01  0.14992149687E+00  0.22673504993E-02
  0.15942834631E+03  0.18192353359E+02  0.84477468870E+00 -0.39064902449E+00  0.19093925280E+01  0.13209785901E+00  0.19505600425E-02
  0.16235691474E+03  0.18215368338E+02  0.83279734737E+00 -0.36621715467E+00  0.17940892718E+01  0.11391116883E+00  0.16531866043E-02
  0.16529020666E+03  0.18234984566E+02  0.82229391823E+00 -0.34479173768E+00  0.16949935106E+01  0.95416763839E-01  0.13687871567E-02
  0.16822743674E+03  0.18251129620E+02  0.81343096942E+00 -0.32672893292E+00  0.16127029030E+01  0.76666820000E-01  0.10937398077E-02
  0.17116781862E+03  0.18263745389E+02  0.80636336017E+00 -0.31229642490E+00  0.15476907819E+01  0.57702134707E-01  0.83790114204E-03
  0.17411056509E+03  0.18272789529E+02  0.80122074049E+00 -0.30171949463E+00  0.15005985703E+01  0.38566517916E-01  0.62570113749E-03
  0.17705488831E+03  0.18278230528E+02  0.79809820114E+00 -0.29523584402E+00  0.14720788915E+01  0.19312723899E-01  0.48664893019E-03
  0.18000000000E+03  0.18280046874E+02  0.79705092751E+00 -0.29304804863E+00  0.14625288491E+01  0.00000000000E+00  0.43896722592E-03

