 % Spectral simulation Chan180_S2
 % 
 % Paper: "Comparison of DNS databases of turbulent channel flow
 %         at Re_tau=180" by A.W. Vreman and J.G.M. Kuerten
 % 
 % Parameters:     H=1; nu=1/180; forcing=1
 % Domain:         4pi x  2  x 4pi/3
 % Resolution:     384 x 193 x 192
 % Averaging time: 200
 % Computed u_tau: 0.99990
 % 
 % Creation date of this datafile: 31th August 2013
 % 
 % Description of columns:
 % Column 1:  y+ (=180*y)
 % Column 2:  <v>
 % Column 3:  rms(v)  (=sqrt(<v'v'>)
 % Column 4:  <v'v'v'>
 % Column 5:  <v'v'v'v'>
 % Column 6:  <u'v'>
 % Column 7:  <v'w'>
  0.00000000000E+00 -0.22434412285E-34  0.10000000000E-09 -0.10535545525E-50  0.35047909207E-62 -0.54200463995E-33  0.64318746348E-34
  0.24095176279E-01 -0.43250641875E-25  0.51177652486E-05  0.48872315105E-16  0.20002860344E-19 -0.10434901777E-07  0.13426051219E-11
  0.96374254253E-01  0.10971603086E-22  0.81053469813E-04  0.19079622062E-12  0.12397453203E-14 -0.67053929708E-06  0.95825965118E-10
  0.21681788307E+00  0.12269501954E-22  0.40346483548E-03  0.22876414408E-10  0.74255653930E-12 -0.76890015359E-05  0.12568172896E-08
  0.38539381705E+00  0.42610917717E-22  0.12455664273E-02  0.64764482236E-09  0.65183097578E-10 -0.43593480982E-04  0.81140727928E-08
  0.60205692435E+00  0.17926693074E-21  0.29512480574E-02  0.82076484623E-08  0.19675439710E-08 -0.16810585053E-03  0.34700596820E-07
  0.86674919900E+00 -0.26740418246E-21  0.59020376509E-02  0.61905271363E-07  0.29887291470E-07 -0.50785795985E-03  0.11198546176E-06
  0.11793997765E+01  0.80481625249E-21  0.10481798176E-01  0.32317242325E-06  0.28022585026E-06 -0.12949388534E-02  0.29271001459E-06
  0.15399249527E+01 -0.15061297259E-20  0.17043212471E-01  0.12754754973E-05  0.18341046550E-05 -0.29104512505E-02  0.64814087137E-06
  0.19482282063E+01  0.63994231026E-20  0.25879708069E-01  0.40173807900E-05  0.90824502250E-05 -0.59234867391E-02  0.12562502239E-05
  0.24042002247E+01 -0.37834842411E-20  0.37205548632E-01  0.10435637882E-04  0.35991821501E-04 -0.11109028338E-01  0.21910737769E-05
  0.29077189331E+01  0.75307659796E-20  0.51145468965E-01  0.22739116046E-04  0.11891786752E-03 -0.19424102503E-01  0.35299258707E-05
  0.34586495274E+01 -0.52394468037E-20  0.67733784486E-01  0.41583003883E-04  0.33798091795E-03 -0.31925445778E-01  0.53904318398E-05
  0.40568445102E+01  0.25355833875E-20  0.86921591194E-01  0.62079218677E-04  0.84677884879E-03 -0.49627244579E-01  0.79930592848E-05
  0.47021437301E+01  0.33745191786E-20  0.10858976450E+00  0.67559608863E-04  0.19071162961E-02 -0.73320755157E-01  0.11727072098E-04
  0.53943744250E+01 -0.66021160450E-21  0.13256497081E+00  0.21965318169E-04  0.39225095783E-02 -0.10339836632E+00  0.17177155264E-04
  0.61333512680E+01  0.24483570659E-19  0.15863589998E+00 -0.13714185089E-03  0.74622397039E-02 -0.13973130145E+00  0.25060327986E-04
  0.69188764171E+01 -0.42137483449E-19  0.18656731279E+00 -0.50212300528E-03  0.13267305896E-01 -0.18163762574E+00  0.36049486885E-04
  0.77507395682E+01  0.59788227787E-19  0.21611032280E+00 -0.11923890116E-02  0.22231409686E-01 -0.22795057388E+00  0.50531579187E-04
  0.86287180115E+01  0.80471650492E-20  0.24700843620E+00 -0.23429991122E-02  0.35354223116E-01 -0.27716800834E+00  0.68407144918E-04
  0.95525766909E+01 -0.10554701765E-19  0.27900008488E+00 -0.40846533227E-02  0.53669767749E-01 -0.32764371530E+00  0.89026427917E-04
  0.10522068267E+02 -0.36182318448E-19  0.31181918833E+00 -0.65177291765E-02  0.78158019975E-01 -0.37777622126E+00  0.11126589943E-03
  0.11536933184E+02  0.99461242003E-20  0.34519548167E+00 -0.96852930907E-02  0.10965221660E+00 -0.42615980183E+00  0.13364415563E-03
  0.12596899737E+02  0.60699099183E-19  0.37885596809E+00 -0.13550857283E-01  0.14875627446E+00 -0.47167889633E+00  0.15439720789E-03
  0.13701684148E+02  0.77420548160E-20  0.41252825422E+00 -0.17985885090E-01  0.19578488868E+00 -0.51354405617E+00  0.17154802913E-03
  0.14850990639E+02 -0.35193761293E-19  0.44594568313E+00 -0.22770444829E-01  0.25073445876E+00 -0.55127975373E+00  0.18299693290E-03
  0.16044511514E+02 -0.39286932421E-19  0.47885337427E+00 -0.27607290909E-01  0.31328642077E+00 -0.58468059776E+00  0.18661471494E-03
  0.17281927238E+02 -0.47371884199E-19  0.51101400833E+00 -0.32146278814E-01  0.38283789522E+00 -0.61375256600E+00  0.18061978111E-03
  0.18562906524E+02  0.73862962842E-19  0.54221255777E+00 -0.36014790748E-01  0.45855126207E+00 -0.63865227888E+00  0.16436921344E-03
  0.19887106424E+02 -0.26879272740E-19  0.57225955359E+00 -0.38849623279E-01  0.53941433668E+00 -0.65963247090E+00  0.13915604896E-03
  0.21254172417E+02 -0.56030443215E-19  0.60099290688E+00 -0.40326100459E-01  0.62430096437E+00 -0.67699744576E+00  0.10798796697E-03
  0.22663738507E+02 -0.89674244524E-19  0.62827854783E+00 -0.40181185633E-01  0.71202300894E+00 -0.69106993108E+00  0.74752908147E-04
  0.24115427319E+02 -0.81409043008E-19  0.65401014555E+00 -0.38228076261E-01  0.80137105412E+00 -0.70216971955E+00  0.43311618466E-04
  0.25608850200E+02  0.18248783865E-18  0.67810797079E+00 -0.34361529997E-01  0.89114229275E+00 -0.71060125041E+00  0.16190978374E-04
  0.27143607325E+02 -0.11045835361E-18  0.70051656123E+00 -0.28554784689E-01  0.98016843498E+00 -0.71664759640E+00 -0.61619952810E-05
  0.28719287803E+02  0.71960013788E-19  0.72120098666E+00 -0.20852067715E-01  0.10673466366E+01 -0.72057048547E+00 -0.23333193860E-04
  0.30335469786E+02  0.17887533349E-18  0.74014309850E+00 -0.11359944666E-01  0.11516639441E+01 -0.72261304268E+00 -0.33559066222E-04
  0.31991720582E+02  0.17716671618E-18  0.75733989361E+00 -0.24196514027E-03  0.12322112503E+01 -0.72299723950E+00 -0.35103117235E-04
  0.33687596774E+02  0.22544172667E-18  0.77280353563E+00  0.12284155531E-01  0.13081787114E+01 -0.72191707309E+00 -0.27994322652E-04
  0.35422644333E+02 -0.20300063432E-18  0.78656102414E+00  0.25953779676E-01  0.13788404564E+01 -0.71953900394E+00 -0.13179426474E-04
  0.37196398748E+02  0.22087164478E-19  0.79865346978E+00  0.40472643291E-01  0.14435608760E+01 -0.71601006889E+00  0.79895884513E-05
  0.39008385139E+02 -0.47428212242E-20  0.80913470518E+00  0.55538042498E-01  0.15018138340E+01 -0.71146116576E+00  0.33133407675E-04
  0.40858118395E+02  0.19514662752E-18  0.81806821900E+00  0.70855092411E-01  0.15531835563E+01 -0.70600647570E+00  0.57807979584E-04
  0.42745103297E+02  0.30279515058E-18  0.82552385135E+00  0.86144644637E-01  0.15973548056E+01 -0.69974395883E+00  0.74951372725E-04
  0.44668834654E+02  0.50461665120E-18  0.83157660461E+00  0.10114874300E+00  0.16341365395E+01 -0.69275676844E+00  0.75519929352E-04
  0.46628797436E+02  0.42469091332E-18  0.83630648636E+00  0.11563986067E+00  0.16634925441E+01 -0.68511964994E+00  0.55314416381E-04
  0.48624466914E+02  0.10009305489E-18  0.83979812650E+00  0.12943372087E+00  0.16855474097E+01 -0.67690384825E+00  0.20850528434E-04
  0.50655308800E+02 -0.39220840850E-18  0.84213895296E+00  0.14239403506E+00  0.17005718401E+01 -0.66817403921E+00 -0.15661879842E-04
  0.52720779386E+02 -0.19600469138E-18  0.84341581434E+00  0.15442275228E+00  0.17089640197E+01 -0.65898598019E+00 -0.47531505579E-04
  0.54820325698E+02 -0.11132674427E-18  0.84371297731E+00  0.16544281620E+00  0.17111662312E+01 -0.64938147991E+00 -0.77908104680E-04
  0.56953385636E+02 -0.68492083938E-19  0.84311127772E+00  0.17539061478E+00  0.17075812650E+01 -0.63938716466E+00 -0.11479942460E-03
  0.59119388128E+02  0.22413867127E-19  0.84168713749E+00  0.18422786549E+00  0.16985945543E+01 -0.62902743304E+00 -0.15817603917E-03
  0.61317753282E+02  0.14391063957E-18  0.83951383596E+00  0.19195762124E+00  0.16846431347E+01 -0.61833212068E+00 -0.19888699353E-03
  0.63547892544E+02 -0.32215134377E-18  0.83666293245E+00  0.19861812181E+00  0.16662286920E+01 -0.60733116299E+00 -0.23080621757E-03
  0.65809208851E+02 -0.38989708114E-18  0.83320370684E+00  0.20426328730E+00  0.16438954697E+01 -0.59604623667E+00 -0.25210259105E-03
  0.68101096793E+02 -0.14315208859E-18  0.82920158289E+00  0.20894556733E+00  0.16181749072E+01 -0.58449293722E+00 -0.25882191847E-03
  0.70422942778E+02  0.45839761428E-19  0.82471590171E+00  0.21271039829E+00  0.15895407335E+01 -0.57268842113E+00 -0.24710637725E-03
  0.72774125191E+02 -0.35936915941E-18  0.81979782166E+00  0.21559798686E+00  0.15583873541E+01 -0.56064492162E+00 -0.21634463798E-03
  0.75154014564E+02  0.12803645824E-18  0.81448913625E+00  0.21764204669E+00  0.15250401790E+01 -0.54837288108E+00 -0.17140904158E-03
  0.77561973742E+02  0.87034336907E-19  0.80882506419E+00  0.21887323872E+00  0.14897905300E+01 -0.53588918111E+00 -0.12123563834E-03
  0.79997358056E+02  0.55604603210E-18  0.80283913793E+00  0.21932489322E+00  0.14529272863E+01 -0.52321156292E+00 -0.76292314713E-04
  0.82459515497E+02 -0.80924621838E-20  0.79656527119E+00  0.21903696154E+00  0.14147539904E+01 -0.51034978590E+00 -0.48333202108E-04
  0.84947786883E+02 -0.15287430882E-19  0.79003700754E+00  0.21805802506E+00  0.13755791325E+01 -0.49730943575E+00 -0.43764296984E-04
  0.87461506045E+02  0.64384830799E-19  0.78328792549E+00  0.21645339812E+00  0.13357363725E+01 -0.48409826986E+00 -0.56908463897E-04
  0.90000000000E+02 -0.42580620858E-18  0.77635454933E+00  0.21429911720E+00  0.12955688233E+01 -0.47072222338E+00 -0.75929099751E-04
  0.92562589131E+02 -0.15570948698E-18  0.76927514890E+00  0.21165338988E+00  0.12553712295E+01 -0.45718566423E+00 -0.92189354280E-04
  0.95148587371E+02  0.10127406619E-18  0.76208495929E+00  0.20854093460E+00  0.12153620311E+01 -0.44350387173E+00 -0.10365218390E-03
  0.97757302387E+02 -0.28191434502E-18  0.75481613407E+00  0.20497472207E+00  0.11757368859E+01 -0.42969723434E+00 -0.11223108068E-03
  0.10038803576E+03 -0.14183401238E-18  0.74750110190E+00  0.20098363825E+00  0.11367330871E+01 -0.41577543339E+00 -0.11949410103E-03
  0.10304008318E+03 -0.21835941406E-18  0.74017314357E+00  0.19660928265E+00  0.10986039513E+01 -0.40173456781E+00 -0.12502030104E-03
  0.10571273464E+03 -0.77736454602E-19  0.73286362493E+00  0.19188406147E+00  0.10615402825E+01 -0.38756911292E+00 -0.12771460845E-03
  0.10840527459E+03 -0.39499476903E-18  0.72560073988E+00  0.18682840723E+00  0.10256515185E+01 -0.37328211532E+00 -0.12589915792E-03
  0.11111698217E+03 -0.21274914097E-18  0.71840988816E+00  0.18145910363E+00  0.99098935480E+00 -0.35888068439E+00 -0.12065128771E-03
  0.11384713141E+03  0.30485112415E-18  0.71131308651E+00  0.17579171698E+00  0.95757269423E+00 -0.34437559202E+00 -0.11541187652E-03
  0.11659499137E+03 -0.24221809549E-18  0.70432900609E+00  0.16984401464E+00  0.92541460701E+00 -0.32978476078E+00 -0.11468115762E-03
  0.11935982639E+03  0.12394047071E-18  0.69747488921E+00  0.16364034220E+00  0.89456088678E+00 -0.31512500124E+00 -0.12234571296E-03
  0.12214089625E+03  0.14140404165E-18  0.69076998462E+00  0.15720814666E+00  0.86507700706E+00 -0.30040674510E+00 -0.13779936029E-03
  0.12493745638E+03  0.51797390781E-19  0.68423607145E+00  0.15056314082E+00  0.83696652474E+00 -0.28563816280E+00 -0.15808714514E-03
  0.12774875809E+03 -0.29652583939E-18  0.67789528878E+00  0.14370843731E+00  0.81017000585E+00 -0.27082517405E+00 -0.18002252970E-03
  0.13057404873E+03  0.21150851582E-18  0.67177008426E+00  0.13664805119E+00  0.78465037786E+00 -0.25597021941E+00 -0.19862252186E-03
  0.13341257188E+03 -0.66566603666E-18  0.66588296380E+00  0.12939060635E+00  0.76043382779E+00 -0.24107173629E+00 -0.20879489706E-03
  0.13626356762E+03  0.16806222682E-18  0.66025499878E+00  0.12194949843E+00  0.73758074778E+00 -0.22612765006E+00 -0.20909932714E-03
  0.13912627265E+03  0.46828318584E-18  0.65490586610E+00  0.11434497773E+00  0.71614082502E+00 -0.21114092807E+00 -0.20265759654E-03
  0.14199992058E+03 -0.32801697065E-20  0.64985411863E+00  0.10660535865E+00  0.69615211349E+00 -0.19612017112E+00 -0.19247412876E-03
  0.14488374204E+03  0.14490952353E-18  0.64511527738E+00  0.98757438096E-01  0.67763646338E+00 -0.18107667053E+00 -0.17724167613E-03
  0.14777696497E+03  0.34467505058E-18  0.64070046253E+00  0.90816254888E-01  0.66058776518E+00 -0.16602199350E+00 -0.15500477436E-03
  0.15067881479E+03  0.32846759500E-19  0.63661886379E+00  0.82789727188E-01  0.64498451730E+00 -0.15096534607E+00 -0.12778667368E-03
  0.15358851460E+03  0.22654669511E-18  0.63288208131E+00  0.74689003218E-01  0.63081503903E+00 -0.13590833557E+00 -0.99312134413E-04
  0.15650528540E+03  0.35088521733E-18  0.62950479858E+00  0.66527351584E-01  0.61808561728E+00 -0.12084582876E+00 -0.72406977069E-04
  0.15942834631E+03 -0.12943057730E-18  0.62650142097E+00  0.58315742282E-01  0.60681165418E+00 -0.10576984356E+00 -0.49586862332E-04
  0.16235691474E+03  0.23793904182E-19  0.62388313154E+00  0.50062498000E-01  0.59700002483E+00 -0.90676036663E-01 -0.30767181951E-04
  0.16529020666E+03 -0.97975120467E-19  0.62165762248E+00  0.41774213078E-01  0.58864159545E+00 -0.75567590763E-01 -0.12582865105E-04
  0.16822743674E+03 -0.44404335131E-18  0.61983038462E+00  0.33456810181E-01  0.58173358060E+00 -0.60451767867E-01  0.67946783999E-05
  0.17116781862E+03 -0.39263462403E-18  0.61840589435E+00  0.25116458282E-01  0.57630098398E+00 -0.45334368458E-01  0.23007067634E-04
  0.17411056509E+03  0.14174013231E-19  0.61738728589E+00  0.16757682312E-01  0.57238418911E+00 -0.30218727244E-01  0.28231473584E-04
  0.17705488831E+03 -0.16344896010E-18  0.61677599828E+00  0.83836923238E-02  0.57001967896E+00 -0.15107261139E-01  0.18940083114E-04
  0.18000000000E+03  0.00000000000E+00  0.61657227729E+00  0.00000000000E+00  0.56922945552E+00  0.00000000000E+00  0.00000000000E+00

